Step 61: target_action=[ 0.          0.          0.         -0.44621956  0.16533643  0.        ], delta=[ 0.          0.          0.         -0.72751006 -0.20224053  0.        ]
Step 62: target_action=[0.         0.         0.         0.27462131 0.17204925 0.        ], delta=[0.         0.         0.         0.68128091 0.78750333 0.        ]
Step 63: target_action=[0.         0.         0.         0.45582554 0.39396504 0.        ], delta=[0.         0.         0.         0.63630754 0.64374222 0.        ]
Step 63: target_action=[0.         0.         0.         0.35937241 0.24334836 0.        ], delta=[ 0.          0.          0.         -0.12540528  0.09072325  0.        ]
Step 63: target_action=[ 0.          0.          0.         -0.2565434  -0.17117023  0.        ], delta=[ 0.          0.          0.         -0.47251612 -0.78570032  0.        ]
Step 63: target_action=[ 0.          0.          0.         -0.17797446  0.04059121  0.        ], delta=[0.         0.         0.         0.3319543  0.41625658 0.        ]
Step 63: target_action=[0.         0.         0.         0.3951937  0.36433774 0.        ], delta=[ 0.          0.          0.          0.00451821 -0.01805428  0.        ]
Step 63: target_action=[ 0.          0.          0.          0.0677388  -0.27014887  0.        ], delta=[ 0.          0.          0.         -0.17072923 -0.86194271  0.        ]
Step 64: target_action=[0.         0.         0.         0.23046595 0.30190709 0.        ], delta=[ 0.          0.          0.         -0.15001601 -0.25923058  0.        ]
Step 65: target_action=[0.         0.         0.         0.41752678 0.10135721 0.        ], delta=[0.         0.         0.         0.62295735 0.6546918  0.        ]
Step 65: target_action=[0.        0.        0.        0.4694334 0.0029425 0.       ], delta=[0.         0.         0.         0.86299673 0.42786542 0.        ]
Step 66: target_action=[ 0.          0.          0.         -0.42057186 -0.0372769   0.        ], delta=[ 0.          0.          0.         -0.70071074 -0.56355117  0.        ]
Step 66: target_action=[0.         0.         0.         0.22747502 0.1684249  0.        ], delta=[0.         0.         0.         0.61031559 0.14879998 0.        ]
Step 67: target_action=[0.         0.         0.         0.38113299 0.24466962 0.        ], delta=[ 0.          0.          0.         -0.04650775  0.20759299  0.        ]
Step 67: target_action=[0.         0.         0.         0.45616302 0.27850962 0.        ], delta=[0.         0.         0.         0.17339796 0.04528114 0.        ]
Step 67: target_action=[0.         0.         0.         0.00778006 0.36802766 0.        ], delta=[0.         0.         0.         0.08844054 0.78963283 0.        ]
Step 67: target_action=[0.         0.         0.         0.12273003 0.06261624 0.        ], delta=[0.         0.         0.         0.10401092 0.29328002 0.        ]
Step 53: target_action=[ 0.          0.          0.         -0.35306656 -0.01525078  0.        ], delta=[ 0.          0.          0.         -0.69990885 -0.49520186  0.        ]
Step 70: target_action=[ 0.          0.          0.         -0.16648602  0.06059993  0.        ], delta=[ 0.          0.          0.         -0.57995391 -0.50097637  0.        ]
Step 72: target_action=[ 0.          0.          0.          0.37575856 -0.08960622  0.        ], delta=[ 0.          0.          0.         -0.04239774 -0.39528807  0.        ]
Step 70: target_action=[0.         0.         0.         0.0694701  0.03537027 0.        ], delta=[ 0.          0.          0.         -0.39519698 -0.19636627  0.        ]
Step 62: target_action=[0.         0.         0.         0.26236904 0.27148187 0.        ], delta=[0.         0.         0.         0.7523545  0.71383357 0.        ]
Step 69: target_action=[0.         0.         0.         0.46170181 0.07432523 0.        ], delta=[ 0.          0.          0.         -0.02221921  0.04963059  0.        ]
Step 69: target_action=[ 0.          0.          0.          0.09730297 -0.24173319  0.        ], delta=[ 0.          0.          0.         -0.1929738  -0.59972185  0.        ]
Step 68: target_action=[ 0.         0.         0.        -0.0939966 -0.4301264  0.       ], delta=[ 0.          0.          0.          0.35885574 -0.19046009  0.        ]
Step 62: target_action=[0.         0.         0.         0.22545967 0.11671423 0.        ], delta=[0.         0.         0.         0.65063351 0.43138998 0.        ]
Step 69: target_action=[0.         0.         0.         0.10529488 0.12728703 0.        ], delta=[ 0.          0.          0.         -0.33297122 -0.31311685  0.        ]
Step 70: target_action=[ 0.          0.          0.         -0.14371172  0.24893814  0.        ], delta=[0.         0.         0.         0.13619393 0.93380362 0.        ]
Step 72: target_action=[ 0.          0.          0.          0.07960955 -0.05859638  0.        ], delta=[ 0.          0.          0.         -0.36597937 -0.04136896  0.        ]
Step 59: target_action=[0.         0.         0.         0.46223274 0.26206547 0.        ], delta=[0.         0.         0.         0.04057729 0.35973477 0.        ]
Step 65: target_action=[0.         0.         0.         0.38032687 0.10280612 0.        ], delta=[0.         0.         0.         0.76968357 0.70142302 0.        ]
Step 62: target_action=[ 0.          0.          0.          0.48119688 -0.04048745  0.        ], delta=[ 0.          0.          0.          0.14808926 -0.40603118  0.        ]
Step 66: target_action=[0.         0.         0.         0.26516178 0.02660178 0.        ], delta=[0.         0.         0.         0.65993157 0.15853386 0.        ]
Step 67: target_action=[0.         0.         0.         0.37438089 0.29502931 0.        ], delta=[0.         0.         0.         0.54612702 0.9486005  0.        ]
Step 67: target_action=[0.         0.         0.         0.40978968 0.05163239 0.        ], delta=[ 0.          0.          0.         -0.0205476  -0.09405293  0.        ]
Step 69: target_action=[0.         0.         0.         0.27682775 0.10301156 0.        ], delta=[ 0.          0.          0.         -0.0185605  -0.27929448  0.        ]
Step 68: target_action=[ 0.          0.          0.         -0.02234642  0.2953406   0.        ], delta=[0.         0.         0.         0.29600762 0.23410802 0.        ]
Step 70: target_action=[ 0.          0.          0.         -0.37408984  0.1908944   0.        ], delta=[0.         0.         0.         0.01079029 0.24055993 0.        ]
Step 70: target_action=[ 0.          0.          0.         -0.35992819 -0.17520207  0.        ], delta=[ 0.          0.          0.          0.20512551 -0.28867511  0.        ]
Step 69: target_action=[ 0.          0.          0.         -0.41483563  0.14272578  0.        ], delta=[ 0.          0.          0.         -0.10148644  0.4740084   0.        ]
Step 68: target_action=[ 0.          0.          0.         -0.52182436  0.12261821  0.        ], delta=[ 0.          0.          0.         -0.15574026  0.00209498  0.        ]
Step 62: target_action=[ 0.          0.          0.         -0.07323638 -0.12876427  0.        ], delta=[ 0.          0.          0.         -0.60783532 -0.60180917  0.        ]
Step 68: target_action=[0.         0.         0.         0.28999546 0.12669176 0.        ], delta=[0.         0.         0.         0.75679985 0.37936756 0.        ]
Step 68: target_action=[ 0.          0.          0.         -0.38344949  0.05709957  0.        ], delta=[ 0.          0.          0.         -0.0292998   0.25143979  0.        ]
Step 68: target_action=[0.         0.         0.         0.17281994 0.04205828 0.        ], delta=[0.         0.         0.         0.46617618 0.5072438  0.        ]
Step 69: target_action=[0.         0.         0.         0.22618815 0.01763617 0.        ], delta=[ 0.          0.          0.         -0.31986454 -0.28518442  0.        ]
Step 67: target_action=[0.         0.         0.         0.4028967  0.22744241 0.        ], delta=[ 0.          0.          0.         -0.03286976 -0.18536237  0.        ]
Step 71: target_action=[ 0.          0.          0.          0.04377873 -0.20224613  0.        ], delta=[ 0.          0.          0.         -0.52489655 -0.31195655  0.        ]
Step 67: target_action=[ 0.          0.          0.         -0.44702867  0.0460306   0.        ], delta=[ 0.          0.          0.         -0.80358684 -0.33679472  0.        ]
Step 75: target_action=[0.         0.         0.         0.09326113 0.26024032 0.        ], delta=[0.         0.         0.         0.65256906 0.32456909 0.        ]
Step 72: target_action=[ 0.          0.          0.         -0.14355966 -0.03930631  0.        ], delta=[ 0.          0.          0.         -0.3314369  -0.33511933  0.        ]
Step 54: target_action=[ 0.          0.          0.         -0.09892983  0.30737063  0.        ], delta=[0.         0.         0.         0.67075174 0.1430863  0.        ]
Step 59: target_action=[ 0.          0.          0.         -0.05461982  0.21678363  0.        ], delta=[0.         0.         0.         0.41473428 0.17981605 0.        ]
Step 70: target_action=[ 0.          0.          0.         -0.37020344  0.10524157  0.        ], delta=[ 0.          0.          0.         -0.04559469  0.32451613  0.        ]
Step 64: target_action=[0.         0.         0.         0.22962667 0.33089501 0.        ], delta=[ 0.          0.          0.         -0.18673961  0.40177223  0.        ]
Step 68: target_action=[ 0.          0.          0.         -0.12597798  0.088404    0.        ], delta=[0.         0.         0.         0.16823648 0.50458145 0.        ]
Step 64: target_action=[0.         0.         0.         0.13703017 0.2585842  0.        ], delta=[0.         0.         0.         0.36683951 0.69695127 0.        ]
Step 73: target_action=[0.         0.         0.         0.43149137 0.14305289 0.        ], delta=[ 0.          0.          0.          0.17190236 -0.18633248  0.        ]
Step 61: target_action=[0.         0.         0.         0.47871801 0.0050931  0.        ], delta=[ 0.          0.          0.          0.05278555 -0.43790874  0.        ]
Step 59: target_action=[ 0.          0.          0.         -0.21590854  0.07897354  0.        ], delta=[ 0.          0.          0.         -0.0954349   0.76993919  0.        ]
Step 60: target_action=[0.         0.         0.         0.33711186 0.08995424 0.        ], delta=[ 0.          0.          0.         -0.15884045  0.05952495  0.        ]
Step 60: target_action=[ 0.          0.          0.         -0.48352951  0.17269489  0.        ], delta=[ 0.          0.          0.         -0.54972348 -0.23452237  0.        ]
Step 63: target_action=[ 0.          0.          0.         -0.21955585  0.22481099  0.        ], delta=[0.         0.         0.         0.2142477  0.38918373 0.        ]
Step 57: target_action=[ 0.          0.          0.         -0.01953404 -0.19653805  0.        ], delta=[ 0.          0.          0.         -0.1778263  -0.79110141  0.        ]
Step 59: target_action=[ 0.          0.          0.         -0.10818228  0.16444582  0.        ], delta=[0.         0.         0.         0.29687592 0.21988719 0.        ]
Step 60: target_action=[ 0.          0.          0.          0.11406778 -0.11366486  0.        ], delta=[ 0.          0.          0.         -0.01178502 -0.41733947  0.        ]
Step 64: target_action=[ 0.          0.          0.         -0.10981458 -0.16502254  0.        ], delta=[ 0.          0.          0.          0.36799565 -0.18334751  0.        ]
Step 68: target_action=[0.         0.         0.         0.34111631 0.32335559 0.        ], delta=[ 0.          0.          0.          0.08780271 -0.02021262  0.        ]
Step 63: target_action=[0.         0.         0.         0.32636622 0.09235571 0.        ], delta=[0.         0.         0.         0.67616862 0.51740025 0.        ]
Step 65: target_action=[ 0.          0.          0.          0.09224819 -0.3777431   0.        ], delta=[ 0.          0.          0.         -0.33655788 -0.42415295  0.        ]
Step 59: target_action=[0.         0.         0.         0.37257051 0.06532982 0.        ], delta=[ 0.          0.          0.         -0.03483722 -0.48875573  0.        ]
Step 64: target_action=[ 0.          0.          0.          0.20550373 -0.00579247  0.        ], delta=[ 0.          0.          0.         -0.11874056 -0.53142515  0.        ]
Step 71: target_action=[ 0.          0.          0.          0.03999085 -0.17159194  0.        ], delta=[ 0.          0.          0.         -0.21099996 -0.60522056  0.        ]
Step 67: target_action=[ 0.          0.          0.         -0.32790947  0.16742602  0.        ], delta=[ 0.          0.          0.         -0.76215667 -0.21993482  0.        ]
Step 70: target_action=[ 0.          0.          0.          0.05256271 -0.28053355  0.        ], delta=[ 0.          0.          0.         -0.20067904 -0.61440882  0.        ]
Step 70: target_action=[ 0.          0.          0.         -0.43909734 -0.00209375  0.        ], delta=[0.         0.         0.         0.06482089 0.39190708 0.        ]
Step 62: target_action=[ 0.          0.          0.         -0.12601212  0.10357249  0.        ], delta=[0.         0.         0.         0.15722764 0.17715976 0.        ]
Step 75: target_action=[0.         0.         0.         0.26030982 0.06986288 0.        ], delta=[0.         0.         0.         0.64870217 0.46784738 0.        ]
Step 70: target_action=[ 0.          0.          0.         -0.19433752 -0.16565537  0.        ], delta=[ 0.          0.          0.          0.25495753 -0.44519785  0.        ]
Step 53: target_action=[0.         0.         0.         0.07935908 0.34211883 0.        ], delta=[0.         0.         0.         0.43885261 0.69526246 0.        ]
Step 61: target_action=[ 0.          0.          0.          0.07498233 -0.25276071  0.        ], delta=[ 0.          0.          0.         -0.35443093 -0.25866092  0.        ]
Step 70: target_action=[ 0.          0.          0.         -0.12988153  0.24843353  0.        ], delta=[0.         0.         0.         0.15656191 0.52422866 0.        ]
Step 72: target_action=[0.         0.         0.         0.12451212 0.37159586 0.        ], delta=[ 0.          0.          0.         -0.37028505  0.50516757  0.        ]
Step 71: target_action=[ 0.          0.          0.         -0.36154985  0.01392235  0.        ], delta=[ 0.          0.          0.         -0.20266989  0.20586272  0.        ]
Step 76: target_action=[ 0.          0.          0.         -0.16261657 -0.02304075  0.        ], delta=[ 0.          0.          0.          0.04478692 -0.02022438  0.        ]
Step 67: target_action=[ 0.          0.          0.          0.07053332 -0.34378621  0.        ], delta=[ 0.          0.          0.          0.02644143 -0.85013035  0.        ]
Step 61: target_action=[ 0.          0.          0.         -0.31532529  0.09046182  0.        ], delta=[ 0.          0.          0.         -0.89024219 -0.02319571  0.        ]
Step 69: target_action=[ 0.          0.          0.         -0.35380089 -0.14742106  0.        ], delta=[ 0.          0.          0.         -0.1553873  -0.01255624  0.        ]
Step 70: target_action=[0.         0.         0.         0.16437709 0.16913942 0.        ], delta=[ 0.          0.          0.         -0.21150339  0.09583322  0.        ]
Step 61: target_action=[ 0.          0.          0.         -0.22674073  0.36752319  0.        ], delta=[ 0.          0.          0.         -0.08320437  0.84214684  0.        ]
Step 61: target_action=[ 0.          0.          0.          0.18676808 -0.08350726  0.        ], delta=[ 0.          0.          0.         -0.23999748 -0.59636649  0.        ]
Step 56: target_action=[ 0.          0.          0.         -0.328271   -0.11756712  0.        ], delta=[ 0.          0.          0.         -0.52861056 -0.82446396  0.        ]
Step 55: target_action=[ 0.          0.          0.          0.07311861 -0.060091    0.        ], delta=[ 0.          0.          0.         -0.3456706   0.08767712  0.        ]
Step 66: target_action=[ 0.          0.          0.         -0.46162194  0.01979773  0.        ], delta=[ 0.          0.          0.         -0.62332699 -0.66328485  0.        ]
Step 74: target_action=[0.         0.         0.         0.23396914 0.12274068 0.        ], delta=[ 0.          0.          0.         -0.22214945  0.03808092  0.        ]
Step 57: target_action=[ 0.          0.          0.         -0.29701474  0.26361749  0.        ], delta=[ 0.          0.          0.         -0.61061779 -0.10199437  0.        ]
Step 60: target_action=[ 0.          0.          0.         -0.23543471 -0.46538234  0.        ], delta=[ 0.          0.          0.          0.26050842 -0.2530454   0.        ]
Step 67: target_action=[0.         0.         0.         0.24092795 0.13851532 0.        ], delta=[0.         0.         0.         0.45396034 0.67035434 0.        ]
Step 70: target_action=[ 0.          0.          0.         -0.04178315  0.08565407  0.        ], delta=[ 0.          0.          0.         -0.22391879 -0.43007535  0.        ]
Step 63: target_action=[ 0.          0.          0.         -0.02332648  0.16020796  0.        ], delta=[0.         0.         0.         0.50899658 0.04257993 0.        ]
Step 63: target_action=[0.         0.         0.         0.29199734 0.09868927 0.        ], delta=[ 0.          0.          0.          0.01329178 -0.38563602  0.        ]
Step 76: target_action=[ 0.          0.          0.         -0.31569913 -0.12952484  0.        ], delta=[ 0.          0.          0.         -0.01416886  0.31945185  0.        ]
Step 72: target_action=[ 0.          0.          0.          0.26740131 -0.02240464  0.        ], delta=[ 0.          0.          0.         -0.17495421 -0.21999152  0.        ]
Step 62: target_action=[ 0.          0.          0.          0.20190781 -0.14977655  0.        ], delta=[0.         0.         0.         0.33057687 0.35715023 0.        ]
Step 60: target_action=[ 0.          0.          0.         -0.23535344 -0.01483852  0.        ], delta=[ 0.          0.          0.         -0.52495143 -0.5368005   0.        ]
Step 65: target_action=[0.         0.         0.         0.26583064 0.22030932 0.        ], delta=[ 0.          0.          0.         -0.06529808  0.01141778  0.        ]
Step 69: target_action=[ 0.          0.          0.         -0.01288712  0.18317702  0.        ], delta=[0.         0.         0.         0.16985216 0.50400102 0.        ]
Step 69: target_action=[ 0.          0.          0.         -0.22609922  0.01028042  0.        ], delta=[0.         0.         0.         0.33434299 0.051234   0.        ]
Step 74: target_action=[0.         0.         0.         0.32799178 0.0898581  0.        ], delta=[0.         0.         0.         0.50266013 0.72959946 0.        ]
Step 74: target_action=[ 0.          0.          0.         -0.25416878 -0.45524576  0.        ], delta=[ 0.          0.          0.         -0.64268127 -0.9383153   0.        ]
Step 70: target_action=[0.         0.         0.         0.15719371 0.11964159 0.        ], delta=[ 0.          0.          0.         -0.35301019  0.19358137  0.        ]
Step 62: target_action=[ 0.          0.          0.         -0.37983745 -0.00210724  0.        ], delta=[ 0.          0.          0.         -0.47780512 -0.37227068  0.        ]
Step 79: target_action=[ 0.          0.          0.         -0.34296709 -0.49020755  0.        ], delta=[ 0.          0.          0.          0.00710073 -0.648537    0.        ]
Step 73: target_action=[0.         0.         0.         0.22616561 0.50384194 0.        ], delta=[ 0.          0.          0.         -0.37143765  0.23792273  0.        ]
Step 60: target_action=[0.         0.         0.         0.21501929 0.32525915 0.        ], delta=[0.         0.         0.         0.67889974 0.3257068  0.        ]
Step 65: target_action=[ 0.          0.          0.          0.0704136  -0.09141202  0.        ], delta=[ 0.          0.          0.         -0.44550168 -0.21478498  0.        ]
Step 65: target_action=[0.         0.         0.         0.1388426  0.15117441 0.        ], delta=[0.         0.         0.         0.15381933 0.75753234 0.        ]
Step 62: target_action=[0.         0.         0.         0.01975907 0.32772428 0.        ], delta=[0.         0.         0.         0.2211892  0.91839719 0.        ]
Step 78: target_action=[ 0.          0.          0.         -0.295463   -0.06826038  0.        ], delta=[ 0.          0.          0.          0.15034434 -0.21042458  0.        ]
Step 55: target_action=[0.         0.         0.         0.27513579 0.55341387 0.        ], delta=[0.         0.         0.         0.86643198 0.48920412 0.        ]
Step 58: target_action=[ 0.          0.          0.         -0.33741388  0.08564721  0.        ], delta=[ 0.          0.          0.         -0.66480583 -0.45766433  0.        ]
Step 69: target_action=[ 0.          0.          0.         -0.42149773  0.00414546  0.        ], delta=[ 0.          0.          0.         -0.06970268  0.01206706  0.        ]
Step 65: target_action=[ 0.          0.          0.          0.03145227 -0.19793208  0.        ], delta=[ 0.          0.          0.         -0.26254827 -0.5499901   0.        ]
Step 71: target_action=[0.         0.         0.         0.16678098 0.47359145 0.        ], delta=[0.         0.         0.         0.142514   0.87049833 0.        ]
Step 64: target_action=[ 0.          0.          0.         -0.22914825 -0.12247752  0.        ], delta=[ 0.          0.          0.         -0.71952589 -0.14144575  0.        ]
Step 58: target_action=[ 0.          0.          0.         -0.44841698 -0.09922364  0.        ], delta=[ 0.          0.          0.         -0.52154665 -0.59803506  0.        ]
Step 65: target_action=[0.         0.         0.         0.14674592 0.62133414 0.        ], delta=[0.         0.         0.         0.31286922 1.20034754 0.        ]
Step 66: target_action=[ 0.          0.          0.          0.38597652 -0.10920495  0.        ], delta=[0.         0.         0.         0.5171771  0.44222683 0.        ]
Step 64: target_action=[ 0.         0.         0.        -0.0632958  0.1849284  0.       ], delta=[0.         0.         0.         0.02926519 0.60306551 0.        ]
Step 67: target_action=[0.         0.         0.         0.17290299 0.14739105 0.        ], delta=[ 0.          0.          0.         -0.49093111 -0.12324274  0.        ]
Step 64: target_action=[ 0.          0.          0.         -0.54521072  0.0897042   0.        ], delta=[ 0.          0.          0.         -0.72975257 -0.26852824  0.        ]
Step 62: target_action=[0.         0.         0.         0.19986698 0.15812105 0.        ], delta=[ 0.          0.          0.         -0.28186318 -0.33871508  0.        ]
Step 60: target_action=[ 0.          0.          0.          0.52035898 -0.02084272  0.        ], delta=[0.         0.         0.         1.04503363 0.50265343 0.        ]
Step 63: target_action=[ 0.          0.          0.         -0.04915803  0.46053421  0.        ], delta=[0.         0.         0.         0.05754611 1.01893371 0.        ]
Step 63: target_action=[ 0.          0.          0.         -0.20860234 -0.22983086  0.        ], delta=[ 0.          0.          0.         -0.66600516 -0.5916      0.        ]
Step 69: target_action=[0.         0.         0.         0.06876481 0.47718695 0.        ], delta=[ 0.          0.          0.         -0.48820418  0.36169451  0.        ]
Step 64: target_action=[ 0.          0.          0.         -0.09086525 -0.02659332  0.        ], delta=[ 0.          0.          0.         -0.24030636 -0.63812726  0.        ]
Step 73: target_action=[ 0.          0.          0.         -0.23843423 -0.25829184  0.        ], delta=[ 0.          0.          0.         -0.17390162 -1.05601156  0.        ]
Step 69: target_action=[ 0.          0.          0.         -0.01077516 -0.13380331  0.        ], delta=[ 0.          0.          0.         -0.44670451 -0.71136218  0.        ]
Step 64: target_action=[ 0.          0.          0.          0.08490326 -0.17790113  0.        ], delta=[ 0.          0.          0.         -0.18469531 -0.9751818   0.        ]
Step 72: target_action=[0.         0.         0.         0.07870564 0.1714206  0.        ], delta=[ 0.          0.          0.         -0.01033082  0.6969212   0.        ]
Step 66: target_action=[0.        0.        0.        0.3471832 0.07175   0.       ], delta=[0.         0.         0.         0.20406611 0.59233721 0.        ]
Step 65: target_action=[0.         0.         0.         0.34481531 0.35902363 0.        ], delta=[0.         0.         0.         0.7316381  0.88480169 0.        ]
Step 65: target_action=[0.         0.         0.         0.499901   0.18374984 0.        ], delta=[0.         0.         0.         0.64206338 0.60564722 0.        ]
Step 52: target_action=[ 0.          0.          0.         -0.49886441  0.04411749  0.        ], delta=[ 0.          0.          0.         -0.86528552 -0.55907693  0.        ]
Step 55: target_action=[0.         0.         0.         0.04311723 0.3100791  0.        ], delta=[0.         0.         0.         0.35099471 0.94151258 0.        ]
Step 71: target_action=[0.         0.         0.         0.25160187 0.03217288 0.        ], delta=[0.        0.        0.        0.459655  0.4215748 0.       ]
Step 71: target_action=[ 0.          0.          0.         -0.20023847 -0.22608635  0.        ], delta=[ 0.          0.          0.          0.14629331 -0.20747578  0.        ]
Step 70: target_action=[0.         0.         0.         0.38329378 0.0098186  0.        ], delta=[0.         0.         0.         0.0322459  0.01579358 0.        ]
Step 64: target_action=[ 0.          0.          0.         -0.38941121  0.12684613  0.        ], delta=[ 0.          0.          0.         -0.60118943 -0.25590098  0.        ]
Step 68: target_action=[ 0.          0.          0.         -0.43127561  0.09545096  0.        ], delta=[0.         0.         0.         0.03218672 0.39659401 0.        ]
Step 67: target_action=[ 0.          0.          0.         -0.33053926 -0.02193465  0.        ], delta=[ 0.          0.          0.         -0.70796692 -0.37795158  0.        ]
Step 56: target_action=[0.         0.         0.         0.05434221 0.14912462 0.        ], delta=[0.         0.         0.         0.57437092 0.41446176 0.        ]
Step 72: target_action=[ 0.          0.          0.         -0.28192022 -0.07728272  0.        ], delta=[ 0.          0.          0.         -0.44505548 -0.46695387  0.        ]
Step 65: target_action=[ 0.          0.          0.          0.12640432 -0.20126927  0.        ], delta=[0.         0.         0.         0.72222534 0.05505925 0.        ]
Step 66: target_action=[0.         0.         0.         0.2587676  0.57829565 0.        ], delta=[0.         0.         0.         0.72080353 1.08800185 0.        ]
Step 68: target_action=[ 0.         0.         0.        -0.2105338 -0.0022678  0.       ], delta=[ 0.          0.          0.         -0.50185272 -0.56228032  0.        ]
Step 78: target_action=[ 0.          0.          0.         -0.04390798 -0.16050726  0.        ], delta=[0.         0.         0.         0.36698856 0.20275864 0.        ]
Step 65: target_action=[ 0.          0.          0.         -0.16744992  0.35743016  0.        ], delta=[ 0.          0.          0.         -0.42806745  0.59879225  0.        ]
Step 67: target_action=[ 0.          0.          0.          0.3327179  -0.00169826  0.        ], delta=[ 0.          0.          0.         -0.24221635 -0.03035361  0.        ]
Step 62: target_action=[ 0.          0.          0.         -0.2095257   0.09240817  0.        ], delta=[0.         0.         0.         0.17698002 0.01370514 0.        ]
Step 59: target_action=[0.         0.         0.         0.32847637 0.32924846 0.        ], delta=[0.         0.         0.         0.62076214 0.74006331 0.        ]
